.Random.seed <-
c(403L, 480L, -553786687L, 1562552080L, -1335513468L, -144166227L, 
2097849294L, -2105559840L, -154417960L, -577945318L, -413879770L, 
-2014877076L, 1022761008L, -1819351194L, -1168868596L, -619918797L, 
-1940529594L, 1529870184L, -1889744558L, -167091075L, -917365836L, 
442150386L, 2111910348L, -10497208L, -2011207791L, -1285927521L, 
-1038702736L, -922019686L, 630203242L, -726936909L, -1215852533L, 
1183714062L, 1844615485L, 1948814750L, 2048826108L, 438392522L, 
-150309170L, -87259308L, -298147147L, 240814564L, 1007444347L, 
1917839472L, -190797617L, 1352166896L, 1716802718L, -551513374L, 
-260852965L, 629545392L, 1640903350L, -58295521L, 1448721081L, 
-1322891963L, -1840846541L, -1100951440L, 2011795190L, -1599171796L, 
-730450914L, 958060885L, 1661827113L, -1324649019L, 2091154854L, 
1429438350L, 1374997135L, -2085752624L, -1795785190L, -2116989680L, 
579550825L, 1626067832L, 2113941206L, 1525032618L, 357349504L, 
-62262145L, -232909341L, 83091541L, 1834726724L, -1073432115L, 
-978479373L, -1681885032L, 1033073832L, -101160861L, 1045375040L, 
459433033L, 267356510L, -1706671066L, 1044182797L, -642431385L, 
1960554639L, -778910369L, 781897953L, -362548160L, 330021908L, 
-1099668113L, 879285761L, 2079235550L, 1153852032L, -588682202L, 
407646277L, 162908977L, -93542688L, 733993767L, 182122373L, -121024091L, 
1820121251L, -143577483L, -494151263L, 270825241L, -436613497L, 
-848814080L, -2012086331L, -2109903808L, -1889251797L, -1797646860L, 
-174787013L, -775230920L, -958517771L, -1515931799L, -36751365L, 
773646404L, 1987559963L, -658465889L, 1825123291L, -1750342824L, 
2104146865L, -2125614552L, -1920833934L, -775634613L, -1460475396L, 
259693114L, 480940934L, 430381307L, 1630814643L, 300000361L, 
-1373951961L, -106685397L, 1478276605L, -683185950L, -1684592089L, 
-1157912408L, -1652635983L, -1600315918L, -467144905L, 1101458398L, 
993987921L, 1021395171L, 1361734800L, -1415372085L, -733598393L, 
-1353884632L, 847034366L, -519395936L, 1477402820L, 1266766456L, 
-136213951L, 1948807348L, -132443480L, -1748313728L, 1010809671L, 
969542554L, 1577677363L, -141790064L, 978847068L, -1216918459L, 
1077620044L, 1597769284L, -983964426L, 332156845L, 97196938L, 
252925554L, -1479367935L, -1930355866L, 187158356L, 1239132351L, 
-1061840560L, -16128938L, -870746273L, -386875773L, -756085576L, 
832368353L, 9723845L, 1049483332L, -607503036L, -1600590737L, 
741495669L, -969928086L, 2139908198L, 602475927L, -382743526L, 
940912707L, 1617994812L, -576479517L, 905400972L, 1997168436L, 
1715959741L, 62083391L, 809321806L, -314215206L, -1475482587L, 
1782298850L, 683402229L, -1105037601L, -73699866L, 1190426268L, 
-1984441614L, 574499734L, 16306469L, 1775847898L, -537861049L, 
602327429L, 1691512234L, -527389809L, 994010898L, -1372506141L, 
-1323312278L, -663113613L, 576870288L, -562979562L, 689395928L, 
1811533998L, 595401387L, 361361696L, 1464864372L, 1566648165L, 
-1337408731L, 615315073L, -324385381L, -1941262286L, 290525480L, 
1853643689L, -2119256302L, 413182664L, 1641683777L, -234492045L, 
-479028002L, 1534773762L, 1535955891L, 806779789L, 886362014L, 
1544621909L, -338116322L, 2086728119L, 1622345742L, 1832449449L, 
-799958768L, 1066822710L, 814953521L, -995835813L, 1257813216L, 
869028543L, 1206576176L, 820240218L, 1364830641L, -164691724L, 
-143685456L, 274741181L, -430596273L, -394307397L, -281536990L, 
-1544067865L, 1595022843L, 1038135436L, 282942766L, 1634545034L, 
525917793L, -501552654L, 2035340137L, -1267719067L, -1641907247L, 
2073440913L, -242439352L, 967095906L, 1361060079L, 1332363046L, 
299114992L, 787871864L, 470687595L, -611607083L, -1568704360L, 
-1953428770L, -1037912147L, -383352158L, 1950509216L, -1841475243L, 
-1614913869L, 506715780L, -1720632614L, -368365159L, -1506303630L, 
-117848223L, 1815446144L, 1922001104L, 1960163269L, 603513216L, 
-1363810567L, -1854058499L, -1001793002L, -901095542L, -649499095L, 
83487594L, 1321926139L, 1255413223L, -2012594548L, 173892511L, 
920863311L, -422935200L, -872850935L, 2118048362L, 1719283563L, 
-775294989L, 194941851L, 833516349L, -462200564L, 1277554376L, 
-1208096370L, -119245487L, -1709048898L, -1153263433L, 1005356426L, 
742431830L, -766757089L, 1661618205L, -547811358L, 2116139041L, 
-1371951787L, -1148354140L, -1244853385L, 1255032647L, 1531541527L, 
459927052L, 257180029L, 1687777292L, 2123307321L, 1313782744L, 
1274587828L, 1939854167L, 1604975554L, 79983908L, -283995214L, 
-2084351170L, 823113932L, 1689385279L, -2072039665L, 1522518208L, 
910256700L, -1930223218L, -1356389641L, -1442830343L, 1748752615L, 
-1407675983L, 1195185636L, 319609167L, -800733682L, 67905344L, 
1401403664L, 1059604080L, -101247382L, -1024378813L, 388769309L, 
993921790L, -1926115499L, -152343209L, 1698382822L, -2082607872L, 
-191434260L, 1225163916L, -1031320878L, 758445115L, 1968443709L, 
-1140111338L, -1227972948L, -434346917L, 1504697511L, -687639547L, 
-28812079L, 872291868L, 1240751738L, -315169522L, 376755071L, 
387570433L, 446616078L, 647465312L, 1534685511L, 1629279301L, 
-203438974L, -1023721205L, 1541841425L, -471055198L, 1065575585L, 
-462620230L, -1169555465L, -115893883L, 790490959L, 766314752L, 
22451589L, -893063160L, -935046195L, 1001055368L, -1695681876L, 
17412929L, -886967025L, 1093661946L, 202669691L, 130202525L, 
-634687250L, 928031835L, 2119935381L, 460074914L, -1456237216L, 
1294048375L, 1012718233L, -1345779577L, -278195697L, 973008517L, 
333383759L, 1868228948L, -1340078581L, 1128966163L, -1286434254L, 
1957500147L, 884855323L, -960064635L, 1832833901L, 1546907071L, 
1657507930L, -462547325L, 1246285601L, -677519303L, 796438580L, 
2037979156L, -1270447124L, 1497895105L, 1879597321L, 766170298L, 
331497543L, 703558421L, -1877613734L, -670925362L, 118226546L, 
-1239402959L, 1861914442L, 1625966740L, 422201541L, -1157972674L, 
1871442436L, -1241015956L, 1837493003L, 1428533095L, -1993455119L, 
1247990393L, -1714618159L, 195537209L, -1185378089L, -622102071L, 
621318687L, 92265504L, 1054068427L, -1494601668L, -2060986504L, 
80000948L, -1329124909L, 825351394L, 752537327L, -1894469054L, 
2107712267L, -165190753L, 205099474L, -1568370631L, 1409074264L, 
1187202611L, -60246533L, 137960357L, -2027870562L, 272244059L, 
1099975252L, -1596701546L, 1574817594L, 132377619L, 1345516470L, 
1406418367L, 1493178888L, 876864439L, 1570227876L, 102220606L, 
-955032289L, 1253238975L, 506059567L, -370909689L, 1132509789L, 
-648411683L, 2136192804L, 705854719L, 1116268933L, 1534033636L, 
-1230798981L, 2054453280L, 1242629858L, 1501476011L, 843763610L, 
-546189087L, 1409450445L, -1561752816L, 244605918L, 243895494L, 
-1457889730L, 1616788960L, 593780012L, -1648809452L, -1593794466L, 
-1039691126L, 1853428948L, -1497230598L, 825256516L, -909759219L, 
2031415884L, 1337304606L, 1413834854L, 1433036701L, -474078963L, 
1798347380L, 1835654047L, -186532586L, 900165782L, 1530066576L, 
933824587L, 1896856910L, -422504984L, -628728830L, -683032086L, 
870858443L, 1107737143L, 1787655058L, 41511356L, 1697691617L, 
161213013L, 1788939966L, -327126206L, -875011626L, -1235591674L, 
363947661L, -2040818943L, 797177936L, 1868382606L, 1131833812L, 
-1496834132L, 1528260090L, 358736793L, 659080814L, -2025166043L, 
671877348L, -171001792L, -1515035859L, -1278574034L, -1927741452L, 
915700136L, 216858735L, -766557977L, -1128916155L, 851490947L, 
28994822L, 854135806L, 1285562762L, 1855682284L, 1195716164L, 
-650599720L, 971725298L, 1157279072L, -1786568365L, 1306419592L, 
1306313374L, -418294570L, -1606514833L, 281553940L, -1638247039L, 
-911684234L, 359995687L, 520753049L, -656866377L, 689240305L, 
-1133386435L, 1871495441L, 1252781723L, -1373976664L, 1750769392L, 
-1174002514L, -899906858L, -2042577081L, -678681574L, 579020107L, 
-849938596L, 736961271L, 1936782759L, -1248923150L, -870709896L, 
-1689358716L, 171042904L, -172684431L, -566617639L, 1511023809L, 
-1871314672L, 1236704792L, 1935332766L, 1992732794L, 1605256870L, 
365758105L, 490839129L, -2033508066L, -1320318301L, 458303691L, 
